0 0.40843 20.981 20.751 20.767 20.769 20.757 1.5718 20.771 20.739 20.744 20.506 20.628 19.873 19.891 0.57171 20.868 20.738 20.758 20.735 13.726 13.748 1.4504 1.4597 12.705 19.9 19.872 19.922 13.748 20.497
0 0 20.575 20.347 20.364 20.364 20.353 0.8386 20.364 20.335 20.34 20.039 20.179 19.829 19.845 0.35994 20.419 20.329 20.353 20.326 13.76 13.782 0.73054 0.76682 12.44 19.855 19.827 19.88 13.782 20.032
0 0 0 0.16632 0.17785 0.1912 0.1982 21.111 0.18079 0.19762 0.19362 2.2465 2.5219 20.702 20.74 20.614 0.298 0.22659 0.14219 0.26235 20.61 20.625 21.09 21.135 21.654 20.797 20.811 20.61 20.625 2.2985
0 0 0 0 0.081425 0.15194 0.10367 20.839 0.1104 0.11015 0.11713 2.2712 2.516 20.458 20.492 20.381 0.34333 0.18128 0.14335 0.1973 20.437 20.452 20.822 20.865 21.306 20.546 20.56 20.414 20.452 2.3092
0 0 0 0 0 0.14688 0.1291 20.854 0.12587 0.11281 0.12508 2.2672 2.5244 20.475 20.509 20.398 0.34408 0.1749 0.1419 0.18818 20.454 20.468 20.837 20.88 21.316 20.564 20.577 20.432 20.468 2.3007
0 0 0 0 0 0 0.20455 20.855 0.18831 0.18492 0.18575 2.2588 2.5098 20.444 20.478 20.398 0.35119 0.22528 0.15226 0.23195 20.441 20.455 20.838 20.881 21.306 20.533 20.546 20.4 20.455 2.2876
0 0 0 0 0 0 0 20.845 0.12479 0.1161 0.12689 2.2621 2.5139 20.47 20.504 20.387 0.35213 0.19294 0.18099 0.19694 20.442 20.457 20.828 20.87 21.314 20.559 20.572 20.427 20.457 2.312
0 0 0 0 0 0 0 0 20.859 20.824 20.833 20.642 20.675 20.051 20.071 0.87657 21.055 20.826 20.847 20.825 13.817 13.877 0.83162 0.87434 12.537 20.091 20.054 20.101 13.877 20.809
0 0 0 0 0 0 0 0 0 0.15303 0.17303 2.2706 2.5152 20.486 20.52 20.398 0.3038 0.14454 0.16363 0.16804 20.45 20.466 20.842 20.885 21.337 20.575 20.588 20.442 20.466 2.3126
0 0 0 0 0 0 0 0 0 0 0.086358 2.253 2.5277 20.435 20.469 20.368 0.37306 0.20225 0.17458 0.20478 20.418 20.433 20.808 20.851 21.289 20.524 20.537 20.392 20.433 2.2886
0 0 0 0 0 0 0 0 0 0 0 2.2588 2.5353 20.458 20.492 20.373 0.38505 0.22745 0.17889 0.23277 20.437 20.451 20.816 20.859 21.294 20.546 20.559 20.414 20.451 2.2929
0 0 0 0 0 0 0 0 0 0 0 0 1.2907 20.145 20.178 20.062 2.2728 2.2544 2.2608 2.2635 19.837 19.877 20.613 20.647 20.771 20.21 20.201 20.138 19.877 0.70463
0 0 0 0 0 0 0 0 0 0 0 0 0 20.214 20.245 20.206 2.5194 2.5235 2.5125 2.5276 20.204 20.232 20.652 20.693 20.78 20.307 20.306 20.209 20.232 1.2294
0 0 0 0 0 0 0 0 0 0 0 0 0 0 0.19361 19.775 20.462 20.459 20.463 20.443 17.992 17.941 20.043 20.069 19.462 0.4651 0.33827 0.79682 17.941 20.569
0 0 0 0 0 0 0 0 0 0 0 0 0 0 0 19.791 20.498 20.493 20.497 20.476 17.99 17.941 20.062 20.089 19.464 0.42659 0.33067 0.83766 17.941 20.599
0 0 0 0 0 0 0 0 0 0 0 0 0 0 0 0 20.455 20.362 20.386 20.36 13.774 13.797 0.78076 0.78574 12.431 19.802 19.773 19.828 13.797 20.045
0 0 0 0 0 0 0 0 0 0 0 0 0 0 0 0 0 0.27407 0.31828 0.31817 20.438 20.467 21.025 21.065 21.687 20.552 20.564 20.366 20.467 2.3236
0 0 0 0 0 0 0 0 0 0 0 0 0 0 0 0 0 0 0.21892 0.096144 20.421 20.438 20.809 20.851 21.295 20.548 20.561 20.415 20.438 2.281
0 0 0 0 0 0 0 0 0 0 0 0 0 0 0 0 0 0 0 0.24372 20.439 20.454 20.83 20.872 21.314 20.552 20.565 20.42 20.454 2.2977
0 0 0 0 0 0 0 0 0 0 0 0 0 0 0 0 0 0 0 0 20.414 20.432 20.807 20.849 21.293 20.532 20.545 20.399 20.432 2.2867
0 0 0 0 0 0 0 0 0 0 0 0 0 0 0 0 0 0 0 0 0 0.37923 13.836 13.815 17.791 17.796 17.792 18.034 0.37923 19.864
0 0 0 0 0 0 0 0 0 0 0 0 0 0 0 0 0 0 0 0 0 0 13.89 13.875 17.727 17.753 17.748 17.983 0.0 19.909
0 0 0 0 0 0 0 0 0 0 0 0 0 0 0 0 0 0 0 0 0 0 0 0.26064 12.458 20.086 20.049 20.093 13.89 20.76
0 0 0 0 0 0 0 0 0 0 0 0 0 0 0 0 0 0 0 0 0 0 0 0 12.484 20.111 20.074 20.12 13.875 20.791
0 0 0 0 0 0 0 0 0 0 0 0 0 0 0 0 0 0 0 0 0 0 0 0 0 19.541 19.508 19.518 17.727 21.001
0 0 0 0 0 0 0 0 0 0 0 0 0 0 0 0 0 0 0 0 0 0 0 0 0 0 0.31103 0.61605 17.753 20.615
0 0 0 0 0 0 0 0 0 0 0 0 0 0 0 0 0 0 0 0 0 0 0 0 0 0 0 0.57916 17.748 20.622
0 0 0 0 0 0 0 0 0 0 0 0 0 0 0 0 0 0 0 0 0 0 0 0 0 0 0 0 17.983 20.514
0 0 0 0 0 0 0 0 0 0 0 0 0 0 0 0 0 0 0 0 0 0 0 0 0 0 0 0 0 19.909
0 0 0 0 0 0 0 0 0 0 0 0 0 0 0 0 0 0 0 0 0 0 0 0 0 0 0 0 0 0
